11.8421 10.556 7.65844 4.02393 7.1818 12.6254 5.01257 2.79986 14.775 10.7769 1.68538 10.6383 7.9675 7.23572 5.70666 
16.8584 10.0295 6.6263 6.11023 11.511 2.22117 1.43721 8.99094 13.5045 8.60823 2.36323 2.39628 8.40703 17.531 9.73025 
11.7806 14.1545 7.16324 7.99243 1.69234 6.26505 8.31947 7.97156 12.6753 9.76852 3.82794 18.2709 3.66094 10.0892 4.24833 
2.21073 14.1887 14.6068 17.956 4.62465 13.3793 4.59972 7.68163 9.11734 7.52971 4.34806 8.5862 13.7156 5.53618 6.72835 
16.5284 12.9241 8.78451 2.92569 8.23133 11.9372 3.02716 1.41343 13.9353 4.86703 10.4765 9.25303 9.14808 15.1768 6.28883 
2.82305 3.71313 12.4045 19.0705 13.8808 16.4501 19.9745 11.5081 8.68361 6.03485 2.21247 3.8894 2.0188 10.2776 7.68221 1.34501 9.0698 13.6089 17.52 2.69839 12.4422 19.8231 4.99344 8.60533 15.7033 17.1953 9.11213 11.4437 6.91797 3.429 
15.4719 15.6963 19.724 19.655 9.97552 18.7139 3.77053 2.16086 3.68529 9.38581 7.8782 6.87738 7.18064 5.6736 9.56789 
9.80505 19.6857 11.0413 19.5837 13.8362 1.82455 5.96585 1.66683 15.3415 1.03247 19.1743 15.5328 11.3318 9.14634 3.05847 
6.77184 17.9502 14.2595 5.37092 6.70458 1.83499 12.1378 5.38078 4.99518 17.2341 14.434 14.1093 18.6861 14.365 4.95401 
8.56706 17.2185 18.3289 6.53352 10.6354 5.7055 1.28877 15.8894 13.3363 17.8505 3.45683 13.5578 8.89584 5.25031 14.7054 
1.05509 12.288 17.698 6.15372 12.2085 18.8345 2.91699 3.29911 13.2181 10.894 10.1883 10.9856 19.1111 10.0097 12.5205 5.81683 19.5993 5.36628 19.1853 11.4756 6.53816 9.53658 10.5148 6.55846 1.2963 5.56285 16.5487 11.0529 19.2178 16.006 
3.8001 11.9412 14.8996 14.0884 16.2188 5.56807 18.2981 10.2666 16.9117 10.7606 18.0592 5.53212 1.78628 15.1617 1.64422 
6.83795 10.2063 19.1424 16.7302 19.7205 16.1707 4.01639 5.00562 11.5933 16.2611 7.18238 3.49568 13.2778 13.4001 9.22752 
17.607 8.00113 18.9331 15.4018 1.87268 9.31565 13.4477 17.0735 4.43736 13.2088 16.0321 9.46467 12.0218 4.60146 18.1601 
8.12406 11.8861 14.7436 14.2386 1.55956 4.64611 19.3314 3.66674 16.3191 14.3934 8.55605 8.98224 15.233 19.5663 18.7956 
11.8386 12.0015 1.87326 17.1564 6.17634 13.3201 13.3439 12.2097 9.40089 17.1564 6.31956 17.785 7.28907 18.2807 16.6902 16.2443 9.88739 6.8565 5.42659 15.262 18.6919 17.3924 3.44002 4.98822 13.3404 16.5638 14.75 13.054 18.7603 14.6578 
17.9433 15.6644 8.45631 17.2045 14.1046 9.92624 18.5394 14.0287 1.3798 13.951 12.6075 17.2933 4.49013 19.9791 14.2461 